{
  "cells": [
    {
      "cell_type": "code",
      "execution_count": 470,
      "metadata": {
        "id": "j2VUJoQZqBuh"
      },
      "outputs": [],
      "source": [
        "import pandas as pd\n",
        "import seaborn as sns\n",
        "import numpy as np\n",
        "from sklearn.base import BaseEstimator, TransformerMixin\n",
        "from sklearn.pipeline import Pipeline\n",
        "from sklearn.pipeline import make_pipeline\n",
        "from sklearn.model_selection import train_test_split\n",
        "from sklearn.linear_model import LinearRegression, Lasso, Ridge,LogisticRegression\n",
        "from math import sqrt\n",
        "from sklearn.svm import LinearSVR\n",
        "\n",
        "from sklearn.model_selection import GridSearchCV,RandomizedSearchCV\n",
        "from sklearn.ensemble import RandomForestRegressor,StackingRegressor\n",
        "from sklearn.preprocessing import StandardScaler,OneHotEncoder\n",
        "from sklearn.metrics import mean_squared_error, mean_absolute_error, mean_absolute_percentage_error, r2_score"
      ]
    },
    {
      "cell_type": "code",
      "source": [
        "!pip install pyspark"
      ],
      "metadata": {
        "colab": {
          "base_uri": "https://localhost:8080/"
        },
        "id": "Vp467VTWlQSu",
        "outputId": "4bb46b86-f648-4d94-b840-df9fdfe31802"
      },
      "execution_count": 471,
      "outputs": [
        {
          "output_type": "stream",
          "name": "stdout",
          "text": [
            "Looking in indexes: https://pypi.org/simple, https://us-python.pkg.dev/colab-wheels/public/simple/\n",
            "Requirement already satisfied: pyspark in /usr/local/lib/python3.10/dist-packages (3.4.1)\n",
            "Requirement already satisfied: py4j==0.10.9.7 in /usr/local/lib/python3.10/dist-packages (from pyspark) (0.10.9.7)\n"
          ]
        }
      ]
    },
    {
      "cell_type": "code",
      "execution_count": 472,
      "metadata": {
        "id": "x9rhslMFq9e2"
      },
      "outputs": [],
      "source": [
        "data = pd.read_csv(\"/content/cars.csv\")\n",
        "data.head()\n",
        "data.drop_duplicates(inplace=True)\n",
        "data.dropna(inplace=True)"
      ]
    },
    {
      "cell_type": "code",
      "execution_count": 473,
      "metadata": {
        "colab": {
          "base_uri": "https://localhost:8080/",
          "height": 776
        },
        "id": "_iaWUEPbsLzd",
        "outputId": "66a6d859-d0fd-4243-86bd-a4e8846fdcaa"
      },
      "outputs": [
        {
          "output_type": "stream",
          "name": "stderr",
          "text": [
            "<ipython-input-473-c44ded798807>:1: FutureWarning: The default value of numeric_only in DataFrame.corr is deprecated. In a future version, it will default to False. Select only valid columns or specify the value of numeric_only to silence this warning.\n",
            "  data.corr()\n"
          ]
        },
        {
          "output_type": "execute_result",
          "data": {
            "text/plain": [
              "                  odometer_value  year_produced  engine_has_gas  \\\n",
              "odometer_value          1.000000      -0.487104        0.057561   \n",
              "year_produced          -0.487104       1.000000       -0.074460   \n",
              "engine_has_gas          0.057561      -0.074460        1.000000   \n",
              "engine_capacity         0.104807       0.006144        0.084492   \n",
              "has_warranty           -0.182399       0.201642       -0.019935   \n",
              "price_usd              -0.419871       0.704930       -0.062343   \n",
              "is_exchangeable         0.044549      -0.060353        0.018887   \n",
              "number_of_photos       -0.142429       0.257071       -0.031959   \n",
              "up_counter             -0.021483       0.008482       -0.000007   \n",
              "feature_0               0.108909      -0.350971        0.004374   \n",
              "feature_1              -0.153161       0.427844       -0.008275   \n",
              "feature_2              -0.077026       0.206194       -0.012108   \n",
              "feature_3              -0.230142       0.432954       -0.027112   \n",
              "feature_4              -0.068129       0.185974        0.003455   \n",
              "feature_5              -0.242305       0.437130       -0.031259   \n",
              "feature_6              -0.167142       0.346948       -0.030201   \n",
              "feature_7              -0.255420       0.458580       -0.036682   \n",
              "feature_8              -0.210345       0.468166       -0.042115   \n",
              "feature_9              -0.089626       0.249740       -0.006030   \n",
              "duration_listed        -0.001519      -0.015877        0.018133   \n",
              "\n",
              "                  engine_capacity  has_warranty  price_usd  is_exchangeable  \\\n",
              "odometer_value           0.104807     -0.182399  -0.419871         0.044549   \n",
              "year_produced            0.006144      0.201642   0.704930        -0.060353   \n",
              "engine_has_gas           0.084492     -0.019935  -0.062343         0.018887   \n",
              "engine_capacity          1.000000     -0.051316   0.297747         0.082439   \n",
              "has_warranty            -0.051316      1.000000   0.285028         0.111518   \n",
              "price_usd                0.297747      0.285028   1.000000        -0.002153   \n",
              "is_exchangeable          0.082439      0.111518  -0.002153         1.000000   \n",
              "number_of_photos         0.107231      0.080261   0.316197         0.102797   \n",
              "up_counter               0.078991     -0.021453   0.057863         0.106688   \n",
              "feature_0               -0.141322      0.141179  -0.226565         0.011832   \n",
              "feature_1                0.133731     -0.115877   0.257755        -0.036612   \n",
              "feature_2                0.375572     -0.043588   0.339114         0.046427   \n",
              "feature_3                0.243276     -0.032610   0.472106        -0.028649   \n",
              "feature_4                0.452425     -0.043844   0.337260         0.010929   \n",
              "feature_5                0.272972     -0.040650   0.435791        -0.021834   \n",
              "feature_6                0.284254     -0.018221   0.452598         0.001227   \n",
              "feature_7                0.201842     -0.021075   0.499640        -0.021063   \n",
              "feature_8                0.239754     -0.054139   0.450698         0.001669   \n",
              "feature_9                0.245394     -0.088888   0.267831         0.032613   \n",
              "duration_listed          0.079740     -0.058830   0.034452         0.027747   \n",
              "\n",
              "                  number_of_photos  up_counter  feature_0  feature_1  \\\n",
              "odometer_value           -0.142429   -0.021483   0.108909  -0.153161   \n",
              "year_produced             0.257071    0.008482  -0.350971   0.427844   \n",
              "engine_has_gas           -0.031959   -0.000007   0.004374  -0.008275   \n",
              "engine_capacity           0.107231    0.078991  -0.141322   0.133731   \n",
              "has_warranty              0.080261   -0.021453   0.141179  -0.115877   \n",
              "price_usd                 0.316197    0.057863  -0.226565   0.257755   \n",
              "is_exchangeable           0.102797    0.106688   0.011832  -0.036612   \n",
              "number_of_photos          1.000000    0.074138  -0.107836   0.088601   \n",
              "up_counter                0.074138    1.000000  -0.021965   0.043095   \n",
              "feature_0                -0.107836   -0.021965   1.000000  -0.676256   \n",
              "feature_1                 0.088601    0.043095  -0.676256   1.000000   \n",
              "feature_2                 0.131532    0.040639  -0.291905   0.253052   \n",
              "feature_3                 0.178209    0.032738  -0.335435   0.324797   \n",
              "feature_4                 0.137762    0.050791  -0.306736   0.267467   \n",
              "feature_5                 0.163172    0.039138  -0.404199   0.398876   \n",
              "feature_6                 0.184114    0.033295  -0.246833   0.242320   \n",
              "feature_7                 0.192965    0.035214  -0.325240   0.316571   \n",
              "feature_8                 0.198072    0.063410  -0.458184   0.453761   \n",
              "feature_9                 0.133164    0.036886  -0.638299   0.395772   \n",
              "duration_listed          -0.027725    0.698106  -0.067980   0.099308   \n",
              "\n",
              "                  feature_2  feature_3  feature_4  feature_5  feature_6  \\\n",
              "odometer_value    -0.077026  -0.230142  -0.068129  -0.242305  -0.167142   \n",
              "year_produced      0.206194   0.432954   0.185974   0.437130   0.346948   \n",
              "engine_has_gas    -0.012108  -0.027112   0.003455  -0.031259  -0.030201   \n",
              "engine_capacity    0.375572   0.243276   0.452425   0.272972   0.284254   \n",
              "has_warranty      -0.043588  -0.032610  -0.043844  -0.040650  -0.018221   \n",
              "price_usd          0.339114   0.472106   0.337260   0.435791   0.452598   \n",
              "is_exchangeable    0.046427  -0.028649   0.010929  -0.021834   0.001227   \n",
              "number_of_photos   0.131532   0.178209   0.137762   0.163172   0.184114   \n",
              "up_counter         0.040639   0.032738   0.050791   0.039138   0.033295   \n",
              "feature_0         -0.291905  -0.335435  -0.306736  -0.404199  -0.246833   \n",
              "feature_1          0.253052   0.324797   0.267467   0.398876   0.242320   \n",
              "feature_2          1.000000   0.437105   0.484560   0.422555   0.419034   \n",
              "feature_3          0.437105   1.000000   0.398800   0.496029   0.502583   \n",
              "feature_4          0.484560   0.398800   1.000000   0.487487   0.405420   \n",
              "feature_5          0.422555   0.496029   0.487487   1.000000   0.392214   \n",
              "feature_6          0.419034   0.502583   0.405420   0.392214   1.000000   \n",
              "feature_7          0.387747   0.522387   0.372013   0.451007   0.607656   \n",
              "feature_8          0.411958   0.508668   0.405130   0.534230   0.445322   \n",
              "feature_9          0.373465   0.377930   0.395201   0.408747   0.312324   \n",
              "duration_listed    0.049641   0.038078   0.071117   0.051065   0.036235   \n",
              "\n",
              "                  feature_7  feature_8  feature_9  duration_listed  \n",
              "odometer_value    -0.255420  -0.210345  -0.089626        -0.001519  \n",
              "year_produced      0.458580   0.468166   0.249740        -0.015877  \n",
              "engine_has_gas    -0.036682  -0.042115  -0.006030         0.018133  \n",
              "engine_capacity    0.201842   0.239754   0.245394         0.079740  \n",
              "has_warranty      -0.021075  -0.054139  -0.088888        -0.058830  \n",
              "price_usd          0.499640   0.450698   0.267831         0.034452  \n",
              "is_exchangeable   -0.021063   0.001669   0.032613         0.027747  \n",
              "number_of_photos   0.192965   0.198072   0.133164        -0.027725  \n",
              "up_counter         0.035214   0.063410   0.036886         0.698106  \n",
              "feature_0         -0.325240  -0.458184  -0.638299        -0.067980  \n",
              "feature_1          0.316571   0.453761   0.395772         0.099308  \n",
              "feature_2          0.387747   0.411958   0.373465         0.049641  \n",
              "feature_3          0.522387   0.508668   0.377930         0.038078  \n",
              "feature_4          0.372013   0.405130   0.395201         0.071117  \n",
              "feature_5          0.451007   0.534230   0.408747         0.051065  \n",
              "feature_6          0.607656   0.445322   0.312324         0.036235  \n",
              "feature_7          1.000000   0.514091   0.350885         0.037896  \n",
              "feature_8          0.514091   1.000000   0.447214         0.069616  \n",
              "feature_9          0.350885   0.447214   1.000000         0.057662  \n",
              "duration_listed    0.037896   0.069616   0.057662         1.000000  "
            ],
            "text/html": [
              "\n",
              "  <div id=\"df-ce2aaf52-5913-4695-9df8-11afc6c0c60d\">\n",
              "    <div class=\"colab-df-container\">\n",
              "      <div>\n",
              "<style scoped>\n",
              "    .dataframe tbody tr th:only-of-type {\n",
              "        vertical-align: middle;\n",
              "    }\n",
              "\n",
              "    .dataframe tbody tr th {\n",
              "        vertical-align: top;\n",
              "    }\n",
              "\n",
              "    .dataframe thead th {\n",
              "        text-align: right;\n",
              "    }\n",
              "</style>\n",
              "<table border=\"1\" class=\"dataframe\">\n",
              "  <thead>\n",
              "    <tr style=\"text-align: right;\">\n",
              "      <th></th>\n",
              "      <th>odometer_value</th>\n",
              "      <th>year_produced</th>\n",
              "      <th>engine_has_gas</th>\n",
              "      <th>engine_capacity</th>\n",
              "      <th>has_warranty</th>\n",
              "      <th>price_usd</th>\n",
              "      <th>is_exchangeable</th>\n",
              "      <th>number_of_photos</th>\n",
              "      <th>up_counter</th>\n",
              "      <th>feature_0</th>\n",
              "      <th>feature_1</th>\n",
              "      <th>feature_2</th>\n",
              "      <th>feature_3</th>\n",
              "      <th>feature_4</th>\n",
              "      <th>feature_5</th>\n",
              "      <th>feature_6</th>\n",
              "      <th>feature_7</th>\n",
              "      <th>feature_8</th>\n",
              "      <th>feature_9</th>\n",
              "      <th>duration_listed</th>\n",
              "    </tr>\n",
              "  </thead>\n",
              "  <tbody>\n",
              "    <tr>\n",
              "      <th>odometer_value</th>\n",
              "      <td>1.000000</td>\n",
              "      <td>-0.487104</td>\n",
              "      <td>0.057561</td>\n",
              "      <td>0.104807</td>\n",
              "      <td>-0.182399</td>\n",
              "      <td>-0.419871</td>\n",
              "      <td>0.044549</td>\n",
              "      <td>-0.142429</td>\n",
              "      <td>-0.021483</td>\n",
              "      <td>0.108909</td>\n",
              "      <td>-0.153161</td>\n",
              "      <td>-0.077026</td>\n",
              "      <td>-0.230142</td>\n",
              "      <td>-0.068129</td>\n",
              "      <td>-0.242305</td>\n",
              "      <td>-0.167142</td>\n",
              "      <td>-0.255420</td>\n",
              "      <td>-0.210345</td>\n",
              "      <td>-0.089626</td>\n",
              "      <td>-0.001519</td>\n",
              "    </tr>\n",
              "    <tr>\n",
              "      <th>year_produced</th>\n",
              "      <td>-0.487104</td>\n",
              "      <td>1.000000</td>\n",
              "      <td>-0.074460</td>\n",
              "      <td>0.006144</td>\n",
              "      <td>0.201642</td>\n",
              "      <td>0.704930</td>\n",
              "      <td>-0.060353</td>\n",
              "      <td>0.257071</td>\n",
              "      <td>0.008482</td>\n",
              "      <td>-0.350971</td>\n",
              "      <td>0.427844</td>\n",
              "      <td>0.206194</td>\n",
              "      <td>0.432954</td>\n",
              "      <td>0.185974</td>\n",
              "      <td>0.437130</td>\n",
              "      <td>0.346948</td>\n",
              "      <td>0.458580</td>\n",
              "      <td>0.468166</td>\n",
              "      <td>0.249740</td>\n",
              "      <td>-0.015877</td>\n",
              "    </tr>\n",
              "    <tr>\n",
              "      <th>engine_has_gas</th>\n",
              "      <td>0.057561</td>\n",
              "      <td>-0.074460</td>\n",
              "      <td>1.000000</td>\n",
              "      <td>0.084492</td>\n",
              "      <td>-0.019935</td>\n",
              "      <td>-0.062343</td>\n",
              "      <td>0.018887</td>\n",
              "      <td>-0.031959</td>\n",
              "      <td>-0.000007</td>\n",
              "      <td>0.004374</td>\n",
              "      <td>-0.008275</td>\n",
              "      <td>-0.012108</td>\n",
              "      <td>-0.027112</td>\n",
              "      <td>0.003455</td>\n",
              "      <td>-0.031259</td>\n",
              "      <td>-0.030201</td>\n",
              "      <td>-0.036682</td>\n",
              "      <td>-0.042115</td>\n",
              "      <td>-0.006030</td>\n",
              "      <td>0.018133</td>\n",
              "    </tr>\n",
              "    <tr>\n",
              "      <th>engine_capacity</th>\n",
              "      <td>0.104807</td>\n",
              "      <td>0.006144</td>\n",
              "      <td>0.084492</td>\n",
              "      <td>1.000000</td>\n",
              "      <td>-0.051316</td>\n",
              "      <td>0.297747</td>\n",
              "      <td>0.082439</td>\n",
              "      <td>0.107231</td>\n",
              "      <td>0.078991</td>\n",
              "      <td>-0.141322</td>\n",
              "      <td>0.133731</td>\n",
              "      <td>0.375572</td>\n",
              "      <td>0.243276</td>\n",
              "      <td>0.452425</td>\n",
              "      <td>0.272972</td>\n",
              "      <td>0.284254</td>\n",
              "      <td>0.201842</td>\n",
              "      <td>0.239754</td>\n",
              "      <td>0.245394</td>\n",
              "      <td>0.079740</td>\n",
              "    </tr>\n",
              "    <tr>\n",
              "      <th>has_warranty</th>\n",
              "      <td>-0.182399</td>\n",
              "      <td>0.201642</td>\n",
              "      <td>-0.019935</td>\n",
              "      <td>-0.051316</td>\n",
              "      <td>1.000000</td>\n",
              "      <td>0.285028</td>\n",
              "      <td>0.111518</td>\n",
              "      <td>0.080261</td>\n",
              "      <td>-0.021453</td>\n",
              "      <td>0.141179</td>\n",
              "      <td>-0.115877</td>\n",
              "      <td>-0.043588</td>\n",
              "      <td>-0.032610</td>\n",
              "      <td>-0.043844</td>\n",
              "      <td>-0.040650</td>\n",
              "      <td>-0.018221</td>\n",
              "      <td>-0.021075</td>\n",
              "      <td>-0.054139</td>\n",
              "      <td>-0.088888</td>\n",
              "      <td>-0.058830</td>\n",
              "    </tr>\n",
              "    <tr>\n",
              "      <th>price_usd</th>\n",
              "      <td>-0.419871</td>\n",
              "      <td>0.704930</td>\n",
              "      <td>-0.062343</td>\n",
              "      <td>0.297747</td>\n",
              "      <td>0.285028</td>\n",
              "      <td>1.000000</td>\n",
              "      <td>-0.002153</td>\n",
              "      <td>0.316197</td>\n",
              "      <td>0.057863</td>\n",
              "      <td>-0.226565</td>\n",
              "      <td>0.257755</td>\n",
              "      <td>0.339114</td>\n",
              "      <td>0.472106</td>\n",
              "      <td>0.337260</td>\n",
              "      <td>0.435791</td>\n",
              "      <td>0.452598</td>\n",
              "      <td>0.499640</td>\n",
              "      <td>0.450698</td>\n",
              "      <td>0.267831</td>\n",
              "      <td>0.034452</td>\n",
              "    </tr>\n",
              "    <tr>\n",
              "      <th>is_exchangeable</th>\n",
              "      <td>0.044549</td>\n",
              "      <td>-0.060353</td>\n",
              "      <td>0.018887</td>\n",
              "      <td>0.082439</td>\n",
              "      <td>0.111518</td>\n",
              "      <td>-0.002153</td>\n",
              "      <td>1.000000</td>\n",
              "      <td>0.102797</td>\n",
              "      <td>0.106688</td>\n",
              "      <td>0.011832</td>\n",
              "      <td>-0.036612</td>\n",
              "      <td>0.046427</td>\n",
              "      <td>-0.028649</td>\n",
              "      <td>0.010929</td>\n",
              "      <td>-0.021834</td>\n",
              "      <td>0.001227</td>\n",
              "      <td>-0.021063</td>\n",
              "      <td>0.001669</td>\n",
              "      <td>0.032613</td>\n",
              "      <td>0.027747</td>\n",
              "    </tr>\n",
              "    <tr>\n",
              "      <th>number_of_photos</th>\n",
              "      <td>-0.142429</td>\n",
              "      <td>0.257071</td>\n",
              "      <td>-0.031959</td>\n",
              "      <td>0.107231</td>\n",
              "      <td>0.080261</td>\n",
              "      <td>0.316197</td>\n",
              "      <td>0.102797</td>\n",
              "      <td>1.000000</td>\n",
              "      <td>0.074138</td>\n",
              "      <td>-0.107836</td>\n",
              "      <td>0.088601</td>\n",
              "      <td>0.131532</td>\n",
              "      <td>0.178209</td>\n",
              "      <td>0.137762</td>\n",
              "      <td>0.163172</td>\n",
              "      <td>0.184114</td>\n",
              "      <td>0.192965</td>\n",
              "      <td>0.198072</td>\n",
              "      <td>0.133164</td>\n",
              "      <td>-0.027725</td>\n",
              "    </tr>\n",
              "    <tr>\n",
              "      <th>up_counter</th>\n",
              "      <td>-0.021483</td>\n",
              "      <td>0.008482</td>\n",
              "      <td>-0.000007</td>\n",
              "      <td>0.078991</td>\n",
              "      <td>-0.021453</td>\n",
              "      <td>0.057863</td>\n",
              "      <td>0.106688</td>\n",
              "      <td>0.074138</td>\n",
              "      <td>1.000000</td>\n",
              "      <td>-0.021965</td>\n",
              "      <td>0.043095</td>\n",
              "      <td>0.040639</td>\n",
              "      <td>0.032738</td>\n",
              "      <td>0.050791</td>\n",
              "      <td>0.039138</td>\n",
              "      <td>0.033295</td>\n",
              "      <td>0.035214</td>\n",
              "      <td>0.063410</td>\n",
              "      <td>0.036886</td>\n",
              "      <td>0.698106</td>\n",
              "    </tr>\n",
              "    <tr>\n",
              "      <th>feature_0</th>\n",
              "      <td>0.108909</td>\n",
              "      <td>-0.350971</td>\n",
              "      <td>0.004374</td>\n",
              "      <td>-0.141322</td>\n",
              "      <td>0.141179</td>\n",
              "      <td>-0.226565</td>\n",
              "      <td>0.011832</td>\n",
              "      <td>-0.107836</td>\n",
              "      <td>-0.021965</td>\n",
              "      <td>1.000000</td>\n",
              "      <td>-0.676256</td>\n",
              "      <td>-0.291905</td>\n",
              "      <td>-0.335435</td>\n",
              "      <td>-0.306736</td>\n",
              "      <td>-0.404199</td>\n",
              "      <td>-0.246833</td>\n",
              "      <td>-0.325240</td>\n",
              "      <td>-0.458184</td>\n",
              "      <td>-0.638299</td>\n",
              "      <td>-0.067980</td>\n",
              "    </tr>\n",
              "    <tr>\n",
              "      <th>feature_1</th>\n",
              "      <td>-0.153161</td>\n",
              "      <td>0.427844</td>\n",
              "      <td>-0.008275</td>\n",
              "      <td>0.133731</td>\n",
              "      <td>-0.115877</td>\n",
              "      <td>0.257755</td>\n",
              "      <td>-0.036612</td>\n",
              "      <td>0.088601</td>\n",
              "      <td>0.043095</td>\n",
              "      <td>-0.676256</td>\n",
              "      <td>1.000000</td>\n",
              "      <td>0.253052</td>\n",
              "      <td>0.324797</td>\n",
              "      <td>0.267467</td>\n",
              "      <td>0.398876</td>\n",
              "      <td>0.242320</td>\n",
              "      <td>0.316571</td>\n",
              "      <td>0.453761</td>\n",
              "      <td>0.395772</td>\n",
              "      <td>0.099308</td>\n",
              "    </tr>\n",
              "    <tr>\n",
              "      <th>feature_2</th>\n",
              "      <td>-0.077026</td>\n",
              "      <td>0.206194</td>\n",
              "      <td>-0.012108</td>\n",
              "      <td>0.375572</td>\n",
              "      <td>-0.043588</td>\n",
              "      <td>0.339114</td>\n",
              "      <td>0.046427</td>\n",
              "      <td>0.131532</td>\n",
              "      <td>0.040639</td>\n",
              "      <td>-0.291905</td>\n",
              "      <td>0.253052</td>\n",
              "      <td>1.000000</td>\n",
              "      <td>0.437105</td>\n",
              "      <td>0.484560</td>\n",
              "      <td>0.422555</td>\n",
              "      <td>0.419034</td>\n",
              "      <td>0.387747</td>\n",
              "      <td>0.411958</td>\n",
              "      <td>0.373465</td>\n",
              "      <td>0.049641</td>\n",
              "    </tr>\n",
              "    <tr>\n",
              "      <th>feature_3</th>\n",
              "      <td>-0.230142</td>\n",
              "      <td>0.432954</td>\n",
              "      <td>-0.027112</td>\n",
              "      <td>0.243276</td>\n",
              "      <td>-0.032610</td>\n",
              "      <td>0.472106</td>\n",
              "      <td>-0.028649</td>\n",
              "      <td>0.178209</td>\n",
              "      <td>0.032738</td>\n",
              "      <td>-0.335435</td>\n",
              "      <td>0.324797</td>\n",
              "      <td>0.437105</td>\n",
              "      <td>1.000000</td>\n",
              "      <td>0.398800</td>\n",
              "      <td>0.496029</td>\n",
              "      <td>0.502583</td>\n",
              "      <td>0.522387</td>\n",
              "      <td>0.508668</td>\n",
              "      <td>0.377930</td>\n",
              "      <td>0.038078</td>\n",
              "    </tr>\n",
              "    <tr>\n",
              "      <th>feature_4</th>\n",
              "      <td>-0.068129</td>\n",
              "      <td>0.185974</td>\n",
              "      <td>0.003455</td>\n",
              "      <td>0.452425</td>\n",
              "      <td>-0.043844</td>\n",
              "      <td>0.337260</td>\n",
              "      <td>0.010929</td>\n",
              "      <td>0.137762</td>\n",
              "      <td>0.050791</td>\n",
              "      <td>-0.306736</td>\n",
              "      <td>0.267467</td>\n",
              "      <td>0.484560</td>\n",
              "      <td>0.398800</td>\n",
              "      <td>1.000000</td>\n",
              "      <td>0.487487</td>\n",
              "      <td>0.405420</td>\n",
              "      <td>0.372013</td>\n",
              "      <td>0.405130</td>\n",
              "      <td>0.395201</td>\n",
              "      <td>0.071117</td>\n",
              "    </tr>\n",
              "    <tr>\n",
              "      <th>feature_5</th>\n",
              "      <td>-0.242305</td>\n",
              "      <td>0.437130</td>\n",
              "      <td>-0.031259</td>\n",
              "      <td>0.272972</td>\n",
              "      <td>-0.040650</td>\n",
              "      <td>0.435791</td>\n",
              "      <td>-0.021834</td>\n",
              "      <td>0.163172</td>\n",
              "      <td>0.039138</td>\n",
              "      <td>-0.404199</td>\n",
              "      <td>0.398876</td>\n",
              "      <td>0.422555</td>\n",
              "      <td>0.496029</td>\n",
              "      <td>0.487487</td>\n",
              "      <td>1.000000</td>\n",
              "      <td>0.392214</td>\n",
              "      <td>0.451007</td>\n",
              "      <td>0.534230</td>\n",
              "      <td>0.408747</td>\n",
              "      <td>0.051065</td>\n",
              "    </tr>\n",
              "    <tr>\n",
              "      <th>feature_6</th>\n",
              "      <td>-0.167142</td>\n",
              "      <td>0.346948</td>\n",
              "      <td>-0.030201</td>\n",
              "      <td>0.284254</td>\n",
              "      <td>-0.018221</td>\n",
              "      <td>0.452598</td>\n",
              "      <td>0.001227</td>\n",
              "      <td>0.184114</td>\n",
              "      <td>0.033295</td>\n",
              "      <td>-0.246833</td>\n",
              "      <td>0.242320</td>\n",
              "      <td>0.419034</td>\n",
              "      <td>0.502583</td>\n",
              "      <td>0.405420</td>\n",
              "      <td>0.392214</td>\n",
              "      <td>1.000000</td>\n",
              "      <td>0.607656</td>\n",
              "      <td>0.445322</td>\n",
              "      <td>0.312324</td>\n",
              "      <td>0.036235</td>\n",
              "    </tr>\n",
              "    <tr>\n",
              "      <th>feature_7</th>\n",
              "      <td>-0.255420</td>\n",
              "      <td>0.458580</td>\n",
              "      <td>-0.036682</td>\n",
              "      <td>0.201842</td>\n",
              "      <td>-0.021075</td>\n",
              "      <td>0.499640</td>\n",
              "      <td>-0.021063</td>\n",
              "      <td>0.192965</td>\n",
              "      <td>0.035214</td>\n",
              "      <td>-0.325240</td>\n",
              "      <td>0.316571</td>\n",
              "      <td>0.387747</td>\n",
              "      <td>0.522387</td>\n",
              "      <td>0.372013</td>\n",
              "      <td>0.451007</td>\n",
              "      <td>0.607656</td>\n",
              "      <td>1.000000</td>\n",
              "      <td>0.514091</td>\n",
              "      <td>0.350885</td>\n",
              "      <td>0.037896</td>\n",
              "    </tr>\n",
              "    <tr>\n",
              "      <th>feature_8</th>\n",
              "      <td>-0.210345</td>\n",
              "      <td>0.468166</td>\n",
              "      <td>-0.042115</td>\n",
              "      <td>0.239754</td>\n",
              "      <td>-0.054139</td>\n",
              "      <td>0.450698</td>\n",
              "      <td>0.001669</td>\n",
              "      <td>0.198072</td>\n",
              "      <td>0.063410</td>\n",
              "      <td>-0.458184</td>\n",
              "      <td>0.453761</td>\n",
              "      <td>0.411958</td>\n",
              "      <td>0.508668</td>\n",
              "      <td>0.405130</td>\n",
              "      <td>0.534230</td>\n",
              "      <td>0.445322</td>\n",
              "      <td>0.514091</td>\n",
              "      <td>1.000000</td>\n",
              "      <td>0.447214</td>\n",
              "      <td>0.069616</td>\n",
              "    </tr>\n",
              "    <tr>\n",
              "      <th>feature_9</th>\n",
              "      <td>-0.089626</td>\n",
              "      <td>0.249740</td>\n",
              "      <td>-0.006030</td>\n",
              "      <td>0.245394</td>\n",
              "      <td>-0.088888</td>\n",
              "      <td>0.267831</td>\n",
              "      <td>0.032613</td>\n",
              "      <td>0.133164</td>\n",
              "      <td>0.036886</td>\n",
              "      <td>-0.638299</td>\n",
              "      <td>0.395772</td>\n",
              "      <td>0.373465</td>\n",
              "      <td>0.377930</td>\n",
              "      <td>0.395201</td>\n",
              "      <td>0.408747</td>\n",
              "      <td>0.312324</td>\n",
              "      <td>0.350885</td>\n",
              "      <td>0.447214</td>\n",
              "      <td>1.000000</td>\n",
              "      <td>0.057662</td>\n",
              "    </tr>\n",
              "    <tr>\n",
              "      <th>duration_listed</th>\n",
              "      <td>-0.001519</td>\n",
              "      <td>-0.015877</td>\n",
              "      <td>0.018133</td>\n",
              "      <td>0.079740</td>\n",
              "      <td>-0.058830</td>\n",
              "      <td>0.034452</td>\n",
              "      <td>0.027747</td>\n",
              "      <td>-0.027725</td>\n",
              "      <td>0.698106</td>\n",
              "      <td>-0.067980</td>\n",
              "      <td>0.099308</td>\n",
              "      <td>0.049641</td>\n",
              "      <td>0.038078</td>\n",
              "      <td>0.071117</td>\n",
              "      <td>0.051065</td>\n",
              "      <td>0.036235</td>\n",
              "      <td>0.037896</td>\n",
              "      <td>0.069616</td>\n",
              "      <td>0.057662</td>\n",
              "      <td>1.000000</td>\n",
              "    </tr>\n",
              "  </tbody>\n",
              "</table>\n",
              "</div>\n",
              "      <button class=\"colab-df-convert\" onclick=\"convertToInteractive('df-ce2aaf52-5913-4695-9df8-11afc6c0c60d')\"\n",
              "              title=\"Convert this dataframe to an interactive table.\"\n",
              "              style=\"display:none;\">\n",
              "        \n",
              "  <svg xmlns=\"http://www.w3.org/2000/svg\" height=\"24px\"viewBox=\"0 0 24 24\"\n",
              "       width=\"24px\">\n",
              "    <path d=\"M0 0h24v24H0V0z\" fill=\"none\"/>\n",
              "    <path d=\"M18.56 5.44l.94 2.06.94-2.06 2.06-.94-2.06-.94-.94-2.06-.94 2.06-2.06.94zm-11 1L8.5 8.5l.94-2.06 2.06-.94-2.06-.94L8.5 2.5l-.94 2.06-2.06.94zm10 10l.94 2.06.94-2.06 2.06-.94-2.06-.94-.94-2.06-.94 2.06-2.06.94z\"/><path d=\"M17.41 7.96l-1.37-1.37c-.4-.4-.92-.59-1.43-.59-.52 0-1.04.2-1.43.59L10.3 9.45l-7.72 7.72c-.78.78-.78 2.05 0 2.83L4 21.41c.39.39.9.59 1.41.59.51 0 1.02-.2 1.41-.59l7.78-7.78 2.81-2.81c.8-.78.8-2.07 0-2.86zM5.41 20L4 18.59l7.72-7.72 1.47 1.35L5.41 20z\"/>\n",
              "  </svg>\n",
              "      </button>\n",
              "      \n",
              "  <style>\n",
              "    .colab-df-container {\n",
              "      display:flex;\n",
              "      flex-wrap:wrap;\n",
              "      gap: 12px;\n",
              "    }\n",
              "\n",
              "    .colab-df-convert {\n",
              "      background-color: #E8F0FE;\n",
              "      border: none;\n",
              "      border-radius: 50%;\n",
              "      cursor: pointer;\n",
              "      display: none;\n",
              "      fill: #1967D2;\n",
              "      height: 32px;\n",
              "      padding: 0 0 0 0;\n",
              "      width: 32px;\n",
              "    }\n",
              "\n",
              "    .colab-df-convert:hover {\n",
              "      background-color: #E2EBFA;\n",
              "      box-shadow: 0px 1px 2px rgba(60, 64, 67, 0.3), 0px 1px 3px 1px rgba(60, 64, 67, 0.15);\n",
              "      fill: #174EA6;\n",
              "    }\n",
              "\n",
              "    [theme=dark] .colab-df-convert {\n",
              "      background-color: #3B4455;\n",
              "      fill: #D2E3FC;\n",
              "    }\n",
              "\n",
              "    [theme=dark] .colab-df-convert:hover {\n",
              "      background-color: #434B5C;\n",
              "      box-shadow: 0px 1px 3px 1px rgba(0, 0, 0, 0.15);\n",
              "      filter: drop-shadow(0px 1px 2px rgba(0, 0, 0, 0.3));\n",
              "      fill: #FFFFFF;\n",
              "    }\n",
              "  </style>\n",
              "\n",
              "      <script>\n",
              "        const buttonEl =\n",
              "          document.querySelector('#df-ce2aaf52-5913-4695-9df8-11afc6c0c60d button.colab-df-convert');\n",
              "        buttonEl.style.display =\n",
              "          google.colab.kernel.accessAllowed ? 'block' : 'none';\n",
              "\n",
              "        async function convertToInteractive(key) {\n",
              "          const element = document.querySelector('#df-ce2aaf52-5913-4695-9df8-11afc6c0c60d');\n",
              "          const dataTable =\n",
              "            await google.colab.kernel.invokeFunction('convertToInteractive',\n",
              "                                                     [key], {});\n",
              "          if (!dataTable) return;\n",
              "\n",
              "          const docLinkHtml = 'Like what you see? Visit the ' +\n",
              "            '<a target=\"_blank\" href=https://colab.research.google.com/notebooks/data_table.ipynb>data table notebook</a>'\n",
              "            + ' to learn more about interactive tables.';\n",
              "          element.innerHTML = '';\n",
              "          dataTable['output_type'] = 'display_data';\n",
              "          await google.colab.output.renderOutput(dataTable, element);\n",
              "          const docLink = document.createElement('div');\n",
              "          docLink.innerHTML = docLinkHtml;\n",
              "          element.appendChild(docLink);\n",
              "        }\n",
              "      </script>\n",
              "    </div>\n",
              "  </div>\n",
              "  "
            ]
          },
          "metadata": {},
          "execution_count": 473
        }
      ],
      "source": [
        "data.corr()"
      ]
    },
    {
      "cell_type": "code",
      "execution_count": 474,
      "metadata": {
        "id": "OrTEktntsbeN"
      },
      "outputs": [],
      "source": [
        "data.drop([\"engine_has_gas\", \"is_exchangeable\", \"duration_listed\",\"up_counter\"], axis=1, inplace=True)"
      ]
    },
    {
      "cell_type": "code",
      "execution_count": 475,
      "metadata": {
        "colab": {
          "base_uri": "https://localhost:8080/"
        },
        "id": "srxbngPiwmUT",
        "outputId": "ebeca4c4-65a7-4649-bba3-bd78169562a3"
      },
      "outputs": [
        {
          "output_type": "stream",
          "name": "stdout",
          "text": [
            "<class 'pandas.core.frame.DataFrame'>\n",
            "Int64Index: 38481 entries, 0 to 38530\n",
            "Data columns (total 26 columns):\n",
            " #   Column             Non-Null Count  Dtype  \n",
            "---  ------             --------------  -----  \n",
            " 0   manufacturer_name  38481 non-null  object \n",
            " 1   model_name         38481 non-null  object \n",
            " 2   transmission       38481 non-null  object \n",
            " 3   color              38481 non-null  object \n",
            " 4   odometer_value     38481 non-null  int64  \n",
